lastAccountName: test1
timestamps:
  login: 1643141837647
ipAddress: 127.0.0.1
logoutlocation:
  world: world
  x: 63.80070299648336
  y: 70.0
  z: 213.831659471818
  yaw: -201.89915
  pitch: 21.150028
