lastAccountName: Solvi
timestamps:
  login: 1643142440613
  logout: 1643142449997
ipAddress: 127.0.0.1
logoutlocation:
  world: world
  x: 56.45147083398181
  y: 44.0
  z: 226.62353822452653
  yaw: -106.34985
  pitch: 15.450011
