spawns: 
  all: 
    world: world
    x: -306.734173420902
    y: 91.0
    z: 230.13622132159273
    yaw: -136.64653
    pitch: 24.000164
  default: 
    world: world
    x: 102.69999998807907
    y: 67.0
    z: 153.97964934735535
    yaw: -267.59982
    pitch: 12.749971
  vip: 
    world: world
    x: 66.6100330577886
    y: 64.0
    z: 150.75859231571363
    yaw: -298.9499
    pitch: 9.749984
  premium: 
    world: world
    x: 66.23999459269736
    y: 64.0
    z: 150.9597188463167
    yaw: -298.9499
    pitch: 9.749984
