world: world
x: 90.39165134096602
y: 64.0
z: 146.16987807411996
yaw: -67.650635
pitch: 13.050066
name: grinshop1
