world: world
x: 78.20474831884941
y: 64.0
z: 129.6858371976087
yaw: -253.19922
pitch: 24.150007
name: home
