world: world
x: 81.42258574128046
y: 64.0
z: 151.47200054664555
yaw: 14.101745
pitch: 13.799958
name: shop1
