world: world
x: 87.07957577888426
y: 64.0
z: 148.58998221031115
yaw: -9.298256
pitch: 12.449958
name: shop
